50746 3386 107005
50746 50405 142751
50746 104505 27577
12531 11571 50746
76860 11571 50746
148718 11571 50746
91409 11571 50746
133529 11571 50746
115262 11571 50746
9292 11571 50746
76917 11571 50746
55398 11571 50746
81884 11571 50746
23645 11571 50746
75635 11571 50746
12146 11571 50746
35381 11571 50746
45975 11571 50746
125733 11571 50746
30268 11571 50746
49804 11571 50746
8819 11571 50746
103675 11571 50746
24947 11571 50746
29651 11571 50746
65467 11571 50746
120369 11571 50746
133294 11571 50746
134767 11571 50746
46140 11571 50746
83579 11571 50746
50746 6623 "56577629d67583ce80d0b1dd3378a6e31269f8e"
50746 7472 633499488000000000
50746 150117 "Constantin-Vasilis"