-168490338 -884582594 1696220974
-168490338 932611570 2022524882
-168490338 1579176999 594688845
-156167483 1223323774 -168490338
-156167481 1223323774 -168490338
-156167485 1223323774 -168490338
761980603 1223323774 -168490338
-1966902752 1223323774 -168490338
-44588451 1223323774 -168490338
1521495490 1223323774 -168490338
-1207387865 1223323774 -168490338
-156167484 1223323774 -168490338
-156167486 1223323774 -168490338
358696076 1223323774 -168490338
-156167482 1223323774 -168490338
-447872978 1223323774 -168490338
-2013956919 1223323774 -168490338
1118210963 1223323774 -168490338
-168490338 -1569315492 "Ruggiero-Delane"
-168490338 -1448411184 "fb3efd92e3c7a8d775a895ba476e11a3e8f3fac"
-168490338 -1325312003 633561696000000000